BUILDING_SHAPE <- list(
  x = c(0,10,10,1.81,1.81,4.31,4.31,8,8,4.31,4.31,1.82,1.82,1.81,1.81,1.82,1.82,4.31,4.31,
        12.81,12.81,8.01,8.01,14.7,14.7,14.69,14.69,10.01,10.01,16.5,16.5,27.19,27.19,14.7,
        14.7,14.69,14.69,1.82,1.82,1.81,1.81,0),
  y = c(0,0,1.81,1.81,13.56,13.56,15.81,15.81,17.31,17.31,18,18,15.81,15.81,20.57,20.57,18.01,18.01,22.06,
        22.06,17.31,17.31,15.81,15.81,20.31,20.31,1.81,1.81,0,0,22.38,22.38,23.88,23.88,22.38,22.38,25,
        25,22.38,22.38,23.35,23.35)
)

BUILDING_LIMITS <- list(x = c(-2, 30), y = c(-2, 30))